{
    "acc": 0.6774193548387096,
    "precision": 0.614406779661017,
    "recall": 0.3419811320754717,
    "f1_score": 0.4393939393939394
}