{
    "acc": 0.6896251089799477,
    "precision": 0.6440677966101694,
    "recall": 0.3584905660377358,
    "f1_score": 0.46060606060606063
}